1980	9.20398918189529
1981	9.015014872380986
1982	8.484320671181372
1983	8.414570805970166
1984	8.741036592692984
1985	8.267684060665477
1986	8.058753547148855
1987	7.722208363514597
1988	7.732142661519635
1989	7.563435987756389
1990	7.188797205418856
1991	7.130871515115367
1992	6.521118378907021
1993	6.577666831716191
1994	6.353446523992344
1995	5.204043472226544
1996	5.070612659682696
1997	5.0231034716534495
1998	4.985214770250088
1999	4.86174351806669
2000	4.53518294146144
2001	4.247874004072423
2002	3.893390950846212
2003	3.925885476552275
2004	3.7548607947674864
2005	3.8158496159754174
2006	3.314454956529046
2007	3.163634651727548
2008	3.044835555790606
2009	2.551846668304769
2010	2.3922644771278687
2011	1.931256020118793
2012	1.7412721636378
2013	1.466468474979854
2014	1.433630375905582
2015	1.222512722211762
2016	1.0609603992580567
2017	1.0559102990946183
2018	0.976631577425129
2019	0.8593702226153181
